depth/1341847980.786879.png rgb/1341847980.786856.png -0.6832 2.6909 1.7373 0.0003 0.8617 -0.5072 -0.0145
depth/1341847985.983184.png rgb/1341847985.982712.png 0.4084 2.1149 1.6308 0.1616 0.8374 -0.5096 -0.1138
depth/1341847991.246874.png rgb/1341847991.246842.png 1.3245 1.0203 1.5485 0.3911 0.7533 -0.4601 -0.2607
depth/1341847996.506720.png rgb/1341847996.506707.png 1.7958 -0.2899 1.5875 0.6792 0.5086 -0.3309 -0.4129
depth/1341848001.870742.png rgb/1341848001.870724.png 0.9408 -1.2759 1.5055 -0.8423 -0.1515 0.1189 0.5035
depth/1341848007.005815.png rgb/1341848007.005802.png 0.0125 -1.1213 1.3218 0.7607 0.4189 -0.2368 -0.4355
depth/1341848012.191005.png rgb/1341848012.190967.png -0.6313 -1.1524 1.3678 0.9073 -0.0119 -0.0150 -0.4201
depth/1341848017.354762.png rgb/1341848017.354737.png -0.9372 -1.2115 1.2489 0.6455 0.6095 -0.3176 -0.3330
depth/1341848022.586079.png rgb/1341848022.586067.png -1.4052 -2.1311 1.4088 -0.8352 -0.0218 0.0460 0.5476
depth/1341848027.842862.png rgb/1341848027.842836.png -2.4560 -1.1683 1.3618 0.7576 -0.4455 0.2112 -0.4278
depth/1341848033.139123.png rgb/1341848033.139110.png -3.1633 -0.0407 1.4128 -0.5672 0.6557 -0.3361 0.3680
depth/1341848038.634757.png rgb/1341848038.634739.png -2.9664 1.2467 1.4756 -0.2963 0.7994 -0.4574 0.2531
depth/1341848043.870385.png rgb/1341848043.869697.png -1.8529 1.6579 1.4483 0.1550 0.8755 -0.4575 0.0128
depth/1341848049.226785.png rgb/1341848049.226742.png -0.6915 1.3572 1.4242 0.1198 0.8511 -0.5105 -0.0239
depth/1341848054.522735.png rgb/1341848054.522689.png -0.4221 1.9346 1.5028 0.0793 0.8461 -0.5231 -0.0649
depth/1341848059.614760.png rgb/1341848059.614734.png 0.8072 2.0216 1.5216 0.3255 0.7842 -0.5111 -0.1340
depth/1341848064.810771.png rgb/1341848064.810737.png 0.0276 1.9494 1.5433 0.1903 0.7985 -0.5599 -0.1124
